LegName--------	EtaLow---------	EtaHigh--------	PtLow----------	PtHigh---------	Efficiency-----	ErrorDown------	ErrorUp--------
SingleEl	0.000000	1.500000	10.000000	15.000000	0.000000	0.000000	0.000079
SingleEl	0.000000	1.500000	15.000000	20.000000	0.000000	0.000000	0.000028
SingleEl	0.000000	1.500000	20.000000	22.000000	0.000000	0.000000	0.000046
SingleEl	0.000000	1.500000	22.000000	23.000000	0.000000	0.000000	0.000094
SingleEl	0.000000	1.500000	23.000000	24.000000	0.000059	0.000000	0.000128
SingleEl	0.000000	1.500000	24.000000	25.000000	0.000278	0.000135	0.000309
SingleEl	0.000000	1.500000	25.000000	26.000000	0.002432	0.000505	0.000531
SingleEl	0.000000	1.500000	26.000000	27.000000	0.020589	0.000943	0.000960
SingleEl	0.000000	1.500000	27.000000	28.000000	0.143438	0.001711	0.001707
SingleEl	0.000000	1.500000	28.000000	29.000000	0.474157	0.002058	0.002065
SingleEl	0.000000	1.500000	29.000000	30.000000	0.748740	0.001656	0.001658
SingleEl	0.000000	1.500000	30.000000	31.000000	0.844491	0.001356	0.001349
SingleEl	0.000000	1.500000	31.000000	32.000000	0.866465	0.001222	0.001215
SingleEl	0.000000	1.500000	32.000000	33.000000	0.872215	0.001121	0.001114
SingleEl	0.000000	1.500000	33.000000	35.000000	0.878283	0.000694	0.000691
SingleEl	0.000000	1.500000	35.000000	37.000000	0.883133	0.000604	0.000601
SingleEl	0.000000	1.500000	37.000000	39.000000	0.891090	0.000515	0.000513
SingleEl	0.000000	1.500000	39.000000	41.000000	0.895521	0.000449	0.000449
SingleEl	0.000000	1.500000	41.000000	43.000000	0.901132	0.000438	0.000444
SingleEl	0.000000	1.500000	43.000000	45.000000	0.905945	0.000365	0.000363
SingleEl	0.000000	1.500000	45.000000	47.000000	0.909702	0.000407	0.000406
SingleEl	0.000000	1.500000	47.000000	50.000000	0.911375	0.000428	0.000426
SingleEl	0.000000	1.500000	50.000000	55.000000	0.918321	0.000496	0.000493
SingleEl	0.000000	1.500000	55.000000	60.000000	0.926663	0.000689	0.000684
SingleEl	0.000000	1.500000	60.000000	65.000000	0.932437	0.000883	0.000904
SingleEl	0.000000	1.500000	65.000000	70.000000	0.936948	0.001108	0.001135
SingleEl	0.000000	1.500000	70.000000	80.000000	0.944350	0.000943	0.001041
SingleEl	0.000000	1.500000	80.000000	90.000000	0.943150	0.001545	0.001498
SingleEl	0.000000	1.500000	90.000000	110.000000	0.942304	0.001621	0.001583
SingleEl	1.500000	2.100000	10.000000	15.000000	0.000000	0.000000	0.000079
SingleEl	1.500000	2.100000	15.000000	20.000000	0.000000	0.000000	0.000028
SingleEl	1.500000	2.100000	20.000000	22.000000	0.000285	0.000000	0.000046
SingleEl	1.500000	2.100000	22.000000	23.000000	0.001150	0.000000	0.000094
SingleEl	1.500000	2.100000	23.000000	24.000000	0.005942	0.000000	0.000128
SingleEl	1.500000	2.100000	24.000000	25.000000	0.024234	0.000135	0.000309
SingleEl	1.500000	2.100000	25.000000	26.000000	0.073578	0.000505	0.000531
SingleEl	1.500000	2.100000	26.000000	27.000000	0.184730	0.000943	0.000960
SingleEl	1.500000	2.100000	27.000000	28.000000	0.348460	0.001711	0.001707
SingleEl	1.500000	2.100000	28.000000	29.000000	0.510093	0.002058	0.002065
SingleEl	1.500000	2.100000	29.000000	30.000000	0.599915	0.001656	0.001658
SingleEl	1.500000	2.100000	30.000000	31.000000	0.646443	0.001356	0.001349
SingleEl	1.500000	2.100000	31.000000	32.000000	0.673754	0.001222	0.001215
SingleEl	1.500000	2.100000	32.000000	33.000000	0.686681	0.001121	0.001114
SingleEl	1.500000	2.100000	33.000000	35.000000	0.701177	0.000694	0.000691
SingleEl	1.500000	2.100000	35.000000	37.000000	0.713634	0.000604	0.000601
SingleEl	1.500000	2.100000	37.000000	39.000000	0.727031	0.000515	0.000513
SingleEl	1.500000	2.100000	39.000000	41.000000	0.738903	0.000449	0.000449
SingleEl	1.500000	2.100000	41.000000	43.000000	0.753023	0.000438	0.000444
SingleEl	1.500000	2.100000	43.000000	45.000000	0.765031	0.000365	0.000363
SingleEl	1.500000	2.100000	45.000000	47.000000	0.774764	0.000407	0.000406
SingleEl	1.500000	2.100000	47.000000	50.000000	0.778814	0.000428	0.000426
SingleEl	1.500000	2.100000	50.000000	55.000000	0.787195	0.000496	0.000493
SingleEl	1.500000	2.100000	55.000000	60.000000	0.800450	0.000689	0.000684
SingleEl	1.500000	2.100000	60.000000	65.000000	0.811855	0.000883	0.000904
SingleEl	1.500000	2.100000	65.000000	70.000000	0.819085	0.001108	0.001135
SingleEl	1.500000	2.100000	70.000000	80.000000	0.825355	0.000943	0.001041
SingleEl	1.500000	2.100000	80.000000	90.000000	0.797368	0.001545	0.001498
SingleEl	1.500000	2.100000	90.000000	110.000000	0.790715	0.001621	0.001583
DoubleElLead	0.000000	1.500000	10.000000	11.000000	0.000000	0.000000	0.000825
DoubleElLead	0.000000	1.500000	11.000000	12.000000	0.000000	0.000000	0.000590
DoubleElLead	0.000000	1.500000	12.000000	13.000000	0.000360	0.000000	0.000602
DoubleElLead	0.000000	1.500000	13.000000	14.000000	0.000268	0.000238	0.002553
DoubleElLead	0.000000	1.500000	14.000000	15.000000	0.000000	0.000000	0.000283
DoubleElLead	0.000000	1.500000	15.000000	16.000000	0.000000	0.000003	0.000203
DoubleElLead	0.000000	1.500000	16.000000	17.000000	0.015208	0.002651	0.002739
DoubleElLead	0.000000	1.500000	17.000000	18.000000	0.213426	0.005492	0.005765
DoubleElLead	0.000000	1.500000	18.000000	19.000000	0.682239	0.005812	0.005767
DoubleElLead	0.000000	1.500000	19.000000	20.000000	0.884664	0.003809	0.003751
DoubleElLead	0.000000	1.500000	20.000000	21.000000	0.914619	0.003044	0.002989
DoubleElLead	0.000000	1.500000	21.000000	22.000000	0.926257	0.002678	0.002587
DoubleElLead	0.000000	1.500000	22.000000	23.000000	0.940191	0.002204	0.002135
DoubleElLead	0.000000	1.500000	23.000000	24.000000	0.940836	0.001934	0.001830
DoubleElLead	0.000000	1.500000	24.000000	25.000000	0.951375	0.001623	0.001602
DoubleElLead	0.000000	1.500000	25.000000	26.000000	0.954308	0.001437	0.001403
DoubleElLead	0.000000	1.500000	26.000000	27.000000	0.959583	0.001256	0.001223
DoubleElLead	0.000000	1.500000	27.000000	28.000000	0.961649	0.001119	0.001092
DoubleElLead	0.000000	1.500000	28.000000	29.000000	0.965718	0.000929	0.000898
DoubleElLead	0.000000	1.500000	29.000000	30.000000	0.969289	0.000783	0.000768
DoubleElLead	0.000000	1.500000	30.000000	31.000000	0.970727	0.000695	0.000684
DoubleElLead	0.000000	1.500000	31.000000	32.000000	0.971534	0.000637	0.000629
DoubleElLead	0.000000	1.500000	32.000000	33.000000	0.970773	0.000605	0.000597
DoubleElLead	0.000000	1.500000	33.000000	35.000000	0.972572	0.000376	0.000373
DoubleElLead	0.000000	1.500000	35.000000	37.000000	0.973150	0.000329	0.000326
DoubleElLead	0.000000	1.500000	37.000000	39.000000	0.973137	0.000284	0.000283
DoubleElLead	0.000000	1.500000	39.000000	41.000000	0.973649	0.000251	0.000250
DoubleElLead	0.000000	1.500000	41.000000	43.000000	0.975419	0.000145	0.000147
DoubleElLead	0.000000	1.500000	43.000000	45.000000	0.975717	0.000217	0.000216
DoubleElLead	0.000000	1.500000	45.000000	47.000000	0.976488	0.000176	0.000234
DoubleElLead	0.000000	1.500000	47.000000	50.000000	0.976581	0.000252	0.000250
DoubleElLead	0.000000	1.500000	50.000000	55.000000	0.978177	0.000297	0.000297
DoubleElLead	0.000000	1.500000	55.000000	60.000000	0.979605	0.000434	0.000425
DoubleElLead	0.000000	1.500000	60.000000	65.000000	0.981670	0.000551	0.000540
DoubleElLead	0.000000	1.500000	65.000000	70.000000	0.981587	0.000658	0.000515
DoubleElLead	0.000000	1.500000	70.000000	80.000000	0.982765	0.000612	0.000595
DoubleElLead	0.000000	1.500000	80.000000	90.000000	0.982819	0.000804	0.000768
DoubleElLead	0.000000	1.500000	90.000000	110.000000	0.984667	0.000881	0.000839
DoubleElLead	1.500000	2.100000	10.000000	11.000000	0.000000	0.000000	0.001137
DoubleElLead	1.500000	2.100000	11.000000	12.000000	0.000000	0.000000	0.000690
DoubleElLead	1.500000	2.100000	12.000000	13.000000	0.000000	0.000000	0.000508
DoubleElLead	1.500000	2.100000	13.000000	14.000000	0.001039	0.000291	0.001158
DoubleElLead	1.500000	2.100000	14.000000	15.000000	0.001796	0.000000	0.002532
DoubleElLead	1.500000	2.100000	15.000000	16.000000	0.033551	0.004789	0.004952
DoubleElLead	1.500000	2.100000	16.000000	17.000000	0.167081	0.007856	0.007463
DoubleElLead	1.500000	2.100000	17.000000	18.000000	0.433864	0.009648	0.009609
DoubleElLead	1.500000	2.100000	18.000000	19.000000	0.714505	0.007708	0.007391
DoubleElLead	1.500000	2.100000	19.000000	20.000000	0.809482	0.006404	0.006525
DoubleElLead	1.500000	2.100000	20.000000	21.000000	0.864980	0.005935	0.005579
DoubleElLead	1.500000	2.100000	21.000000	22.000000	0.892909	0.005045	0.004890
DoubleElLead	1.500000	2.100000	22.000000	23.000000	0.915688	0.004075	0.003993
DoubleElLead	1.500000	2.100000	23.000000	24.000000	0.922664	0.003588	0.003521
DoubleElLead	1.500000	2.100000	24.000000	25.000000	0.933851	0.003111	0.003064
DoubleElLead	1.500000	2.100000	25.000000	26.000000	0.948033	0.002613	0.002579
DoubleElLead	1.500000	2.100000	26.000000	27.000000	0.950169	0.002367	0.002307
DoubleElLead	1.500000	2.100000	27.000000	28.000000	0.956532	0.002218	0.001995
DoubleElLead	1.500000	2.100000	28.000000	29.000000	0.961244	0.001752	0.001682
DoubleElLead	1.500000	2.100000	29.000000	30.000000	0.963209	0.001250	0.001209
DoubleElLead	1.500000	2.100000	30.000000	31.000000	0.967962	0.001331	0.001309
DoubleElLead	1.500000	2.100000	31.000000	32.000000	0.967522	0.001297	0.001264
DoubleElLead	1.500000	2.100000	32.000000	33.000000	0.969860	0.001194	0.001171
DoubleElLead	1.500000	2.100000	33.000000	35.000000	0.971478	0.000735	0.000725
DoubleElLead	1.500000	2.100000	35.000000	37.000000	0.974757	0.000631	0.000623
DoubleElLead	1.500000	2.100000	37.000000	39.000000	0.975886	0.000542	0.000535
DoubleElLead	1.500000	2.100000	39.000000	41.000000	0.978533	0.000466	0.000460
DoubleElLead	1.500000	2.100000	41.000000	43.000000	0.980891	0.000325	0.000321
DoubleElLead	1.500000	2.100000	43.000000	45.000000	0.983296	0.000369	0.000364
DoubleElLead	1.500000	2.100000	45.000000	47.000000	0.984620	0.000371	0.000366
DoubleElLead	1.500000	2.100000	47.000000	50.000000	0.985095	0.000354	0.000351
DoubleElLead	1.500000	2.100000	50.000000	55.000000	0.985561	0.000442	0.000281
DoubleElLead	1.500000	2.100000	55.000000	60.000000	0.988028	0.000654	0.000636
DoubleElLead	1.500000	2.100000	60.000000	65.000000	0.987906	0.000888	0.000853
DoubleElLead	1.500000	2.100000	65.000000	70.000000	0.989039	0.001052	0.000823
DoubleElLead	1.500000	2.100000	70.000000	80.000000	0.989409	0.001060	0.000998
DoubleElLead	1.500000	2.100000	80.000000	90.000000	0.990769	0.002105	0.001109
DoubleElLead	1.500000	2.100000	90.000000	110.000000	0.990140	0.001546	0.001408
DoubleElTrail	0.000000	1.500000	10.000000	11.000000	0.574290	0.016520	0.017410
DoubleElTrail	0.000000	1.500000	11.000000	12.000000	0.684568	0.017145	0.015060
DoubleElTrail	0.000000	1.500000	12.000000	13.000000	0.742185	0.012657	0.012442
DoubleElTrail	0.000000	1.500000	13.000000	14.000000	0.785577	0.010473	0.010110
DoubleElTrail	0.000000	1.500000	14.000000	15.000000	0.834012	0.007841	0.008289
DoubleElTrail	0.000000	1.500000	15.000000	16.000000	0.855230	0.004257	0.005398
DoubleElTrail	0.000000	1.500000	16.000000	17.000000	0.887442	0.005666	0.005487
DoubleElTrail	0.000000	1.500000	17.000000	18.000000	0.901512	0.005346	0.004470
DoubleElTrail	0.000000	1.500000	18.000000	19.000000	0.908206	0.003718	0.003680
DoubleElTrail	0.000000	1.500000	19.000000	20.000000	0.930370	0.002375	0.002305
DoubleElTrail	0.000000	1.500000	20.000000	21.000000	0.925021	0.002850	0.002787
DoubleElTrail	0.000000	1.500000	21.000000	22.000000	0.928132	0.003085	0.002632
DoubleElTrail	0.000000	1.500000	22.000000	23.000000	0.939598	0.002070	0.002194
DoubleElTrail	0.000000	1.500000	23.000000	24.000000	0.941460	0.001989	0.001897
DoubleElTrail	0.000000	1.500000	24.000000	25.000000	0.948895	0.001650	0.001619
DoubleElTrail	0.000000	1.500000	25.000000	26.000000	0.950814	0.001520	0.001468
DoubleElTrail	0.000000	1.500000	26.000000	27.000000	0.954350	0.001313	0.001283
DoubleElTrail	0.000000	1.500000	27.000000	28.000000	0.955163	0.001192	0.001162
DoubleElTrail	0.000000	1.500000	28.000000	29.000000	0.957553	0.000999	0.000979
DoubleElTrail	0.000000	1.500000	29.000000	30.000000	0.958708	0.000883	0.000864
DoubleElTrail	0.000000	1.500000	30.000000	31.000000	0.960920	0.000792	0.000777
DoubleElTrail	0.000000	1.500000	31.000000	32.000000	0.960844	0.000732	0.000721
DoubleElTrail	0.000000	1.500000	32.000000	33.000000	0.960327	0.000685	0.000679
DoubleElTrail	0.000000	1.500000	33.000000	35.000000	0.961000	0.000430	0.000427
DoubleElTrail	0.000000	1.500000	35.000000	37.000000	0.962309	0.000377	0.000374
DoubleElTrail	0.000000	1.500000	37.000000	39.000000	0.962455	0.000326	0.000324
DoubleElTrail	0.000000	1.500000	39.000000	41.000000	0.962789	0.000292	0.000291
DoubleElTrail	0.000000	1.500000	41.000000	43.000000	0.964756	0.000203	0.000264
DoubleElTrail	0.000000	1.500000	43.000000	45.000000	0.964956	0.000257	0.000256
DoubleElTrail	0.000000	1.500000	45.000000	47.000000	0.966122	0.000706	0.000728
DoubleElTrail	0.000000	1.500000	47.000000	50.000000	0.965906	0.000232	0.000299
DoubleElTrail	0.000000	1.500000	50.000000	55.000000	0.967286	0.000358	0.000356
DoubleElTrail	0.000000	1.500000	55.000000	60.000000	0.969016	0.000523	0.000516
DoubleElTrail	0.000000	1.500000	60.000000	65.000000	0.971244	0.000674	0.000659
DoubleElTrail	0.000000	1.500000	65.000000	70.000000	0.971577	0.000809	0.000631
DoubleElTrail	0.000000	1.500000	70.000000	80.000000	0.971329	0.000792	0.000600
DoubleElTrail	0.000000	1.500000	80.000000	90.000000	0.972891	0.001048	0.001060
DoubleElTrail	0.000000	1.500000	90.000000	110.000000	0.973806	0.001126	0.001087
DoubleElTrail	1.500000	2.100000	10.000000	11.000000	0.332647	0.023366	0.024004
DoubleElTrail	1.500000	2.100000	11.000000	12.000000	0.443690	0.018999	0.019410
DoubleElTrail	1.500000	2.100000	12.000000	13.000000	0.522133	0.016678	0.016887
DoubleElTrail	1.500000	2.100000	13.000000	14.000000	0.609071	0.013906	0.014171
DoubleElTrail	1.500000	2.100000	14.000000	15.000000	0.660435	0.012119	0.012883
DoubleElTrail	1.500000	2.100000	15.000000	16.000000	0.720195	0.011571	0.011247
DoubleElTrail	1.500000	2.100000	16.000000	17.000000	0.761503	0.009544	0.010214
DoubleElTrail	1.500000	2.100000	17.000000	18.000000	0.783911	0.008798	0.008722
DoubleElTrail	1.500000	2.100000	18.000000	19.000000	0.828107	0.006840	0.006641
DoubleElTrail	1.500000	2.100000	19.000000	20.000000	0.846036	0.006397	0.006323
DoubleElTrail	1.500000	2.100000	20.000000	21.000000	0.861421	0.005891	0.005756
DoubleElTrail	1.500000	2.100000	21.000000	22.000000	0.878400	0.005566	0.005359
DoubleElTrail	1.500000	2.100000	22.000000	23.000000	0.896424	0.004549	0.004421
DoubleElTrail	1.500000	2.100000	23.000000	24.000000	0.904026	0.003938	0.003876
DoubleElTrail	1.500000	2.100000	24.000000	25.000000	0.913865	0.003568	0.003482
DoubleElTrail	1.500000	2.100000	25.000000	26.000000	0.928646	0.002918	0.002897
DoubleElTrail	1.500000	2.100000	26.000000	27.000000	0.929587	0.002732	0.002131
DoubleElTrail	1.500000	2.100000	27.000000	28.000000	0.940113	0.002379	0.002301
DoubleElTrail	1.500000	2.100000	28.000000	29.000000	0.942230	0.002021	0.001965
DoubleElTrail	1.500000	2.100000	29.000000	30.000000	0.946787	0.001472	0.001433
DoubleElTrail	1.500000	2.100000	30.000000	31.000000	0.949081	0.001622	0.001596
DoubleElTrail	1.500000	2.100000	31.000000	32.000000	0.949865	0.001558	0.001529
DoubleElTrail	1.500000	2.100000	32.000000	33.000000	0.952029	0.001449	0.001424
DoubleElTrail	1.500000	2.100000	33.000000	35.000000	0.953335	0.000909	0.000899
DoubleElTrail	1.500000	2.100000	35.000000	37.000000	0.957152	0.000786	0.000779
DoubleElTrail	1.500000	2.100000	37.000000	39.000000	0.958464	0.000686	0.000677
DoubleElTrail	1.500000	2.100000	39.000000	41.000000	0.961586	0.000601	0.000594
DoubleElTrail	1.500000	2.100000	41.000000	43.000000	0.963427	0.000275	0.000272
DoubleElTrail	1.500000	2.100000	43.000000	45.000000	0.965880	0.000508	0.000504
DoubleElTrail	1.500000	2.100000	45.000000	47.000000	0.967878	0.000337	0.000338
DoubleElTrail	1.500000	2.100000	47.000000	50.000000	0.967942	0.000516	0.000509
DoubleElTrail	1.500000	2.100000	50.000000	55.000000	0.969211	0.000619	0.000613
DoubleElTrail	1.500000	2.100000	55.000000	60.000000	0.972605	0.000945	0.000925
DoubleElTrail	1.500000	2.100000	60.000000	65.000000	0.971066	0.001242	0.001271
DoubleElTrail	1.500000	2.100000	65.000000	70.000000	0.971816	0.001630	0.001606
DoubleElTrail	1.500000	2.100000	70.000000	80.000000	0.974503	0.001202	0.001491
DoubleElTrail	1.500000	2.100000	80.000000	90.000000	0.972804	0.001947	0.001812
DoubleElTrail	1.500000	2.100000	90.000000	110.000000	0.974927	0.002334	0.002226
SingleMu	0.000000	1.500000	10.000000	15.000000	0.000033	0.000210	0.000213
SingleMu	0.000000	1.500000	15.000000	18.000000	0.000416	0.000073	0.000095
SingleMu	0.000000	1.500000	18.000000	20.000000	0.000878	0.000152	0.000183
SingleMu	0.000000	1.500000	20.000000	21.000000	0.000845	0.000242	0.000278
SingleMu	0.000000	1.500000	21.000000	22.000000	0.001986	0.000315	0.000343
SingleMu	0.000000	1.500000	22.000000	23.000000	0.005776	0.000463	0.000485
SingleMu	0.000000	1.500000	23.000000	24.000000	0.078932	0.001228	0.000804
SingleMu	0.000000	1.500000	24.000000	25.000000	0.835282	0.001984	0.001983
SingleMu	0.000000	1.500000	25.000000	26.000000	0.858456	0.001730	0.001728
SingleMu	0.000000	1.500000	26.000000	27.000000	0.868002	0.001564	0.001561
SingleMu	0.000000	1.500000	27.000000	28.000000	0.868735	0.001413	0.001409
SingleMu	0.000000	1.500000	28.000000	29.000000	0.870689	0.001294	0.001290
SingleMu	0.000000	1.500000	29.000000	30.000000	0.873777	0.001186	0.001183
SingleMu	0.000000	1.500000	30.000000	31.000000	0.877118	0.001097	0.001093
SingleMu	0.000000	1.500000	31.000000	32.000000	0.880187	0.001017	0.001014
SingleMu	0.000000	1.500000	32.000000	33.000000	0.882311	0.000947	0.000944
SingleMu	0.000000	1.500000	33.000000	35.000000	0.885467	0.000607	0.000605
SingleMu	0.000000	1.500000	35.000000	37.000000	0.888119	0.000539	0.000537
SingleMu	0.000000	1.500000	37.000000	39.000000	0.889955	0.000482	0.000480
SingleMu	0.000000	1.500000	39.000000	41.000000	0.890424	0.000437	0.000436
SingleMu	0.000000	1.500000	41.000000	43.000000	0.891668	0.000403	0.000402
SingleMu	0.000000	1.500000	43.000000	45.000000	0.894953	0.000391	0.000392
SingleMu	0.000000	1.500000	45.000000	47.000000	0.897661	0.000434	0.000416
SingleMu	0.000000	1.500000	47.000000	50.000000	0.899565	0.000479	0.000478
SingleMu	0.000000	1.500000	50.000000	55.000000	0.903535	0.000583	0.000582
SingleMu	0.000000	1.500000	55.000000	60.000000	0.909351	0.000870	0.000866
SingleMu	0.000000	1.500000	60.000000	65.000000	0.911204	0.001189	0.001182
SingleMu	0.000000	1.500000	65.000000	70.000000	0.911727	0.001548	0.001538
SingleMu	0.000000	1.500000	70.000000	90.000000	0.915627	0.001232	0.001226
SingleMu	0.000000	1.500000	90.000000	9999.000000	0.936510	0.002140	0.002138
SingleMu	1.500000	2.100000	10.000000	15.000000	0.000070	0.000025	0.000032
SingleMu	1.500000	2.100000	15.000000	18.000000	0.000186	0.000064	0.000062
SingleMu	1.500000	2.100000	18.000000	20.000000	0.000845	0.000173	0.000146
SingleMu	1.500000	2.100000	20.000000	21.000000	0.001195	0.000264	0.000303
SingleMu	1.500000	2.100000	21.000000	22.000000	0.003599	0.000422	0.000495
SingleMu	1.500000	2.100000	22.000000	23.000000	0.012687	0.000523	0.000667
SingleMu	1.500000	2.100000	23.000000	24.000000	0.220973	0.002130	0.002142
SingleMu	1.500000	2.100000	24.000000	25.000000	0.776887	0.002380	0.002379
SingleMu	1.500000	2.100000	25.000000	26.000000	0.789435	0.002191	0.002187
SingleMu	1.500000	2.100000	26.000000	27.000000	0.787655	0.002063	0.002059
SingleMu	1.500000	2.100000	27.000000	28.000000	0.785843	0.001953	0.001949
SingleMu	1.500000	2.100000	28.000000	29.000000	0.790023	0.001845	0.001841
SingleMu	1.500000	2.100000	29.000000	30.000000	0.789966	0.001768	0.001764
SingleMu	1.500000	2.100000	30.000000	31.000000	0.790969	0.001680	0.001676
SingleMu	1.500000	2.100000	31.000000	32.000000	0.791651	0.001618	0.001614
SingleMu	1.500000	2.100000	32.000000	33.000000	0.790891	0.001556	0.001551
SingleMu	1.500000	2.100000	33.000000	35.000000	0.792413	0.001034	0.001030
SingleMu	1.500000	2.100000	35.000000	37.000000	0.792022	0.000939	0.000936
SingleMu	1.500000	2.100000	37.000000	39.000000	0.797155	0.000842	0.000839
SingleMu	1.500000	2.100000	39.000000	41.000000	0.800883	0.000743	0.000742
SingleMu	1.500000	2.100000	41.000000	43.000000	0.806895	0.000665	0.000664
SingleMu	1.500000	2.100000	43.000000	45.000000	0.812036	0.000642	0.000641
SingleMu	1.500000	2.100000	45.000000	47.000000	0.816699	0.000703	0.000702
SingleMu	1.500000	2.100000	47.000000	50.000000	0.817104	0.000767	0.000766
SingleMu	1.500000	2.100000	50.000000	55.000000	0.826689	0.000950	0.000948
SingleMu	1.500000	2.100000	55.000000	60.000000	0.834465	0.002063	0.001464
SingleMu	1.500000	2.100000	60.000000	65.000000	0.836277	0.001975	0.001968
SingleMu	1.500000	2.100000	65.000000	70.000000	0.832385	0.002097	0.002564
SingleMu	1.500000	2.100000	70.000000	90.000000	0.842247	0.002065	0.002063
SingleMu	1.500000	2.100000	90.000000	9999.000000	0.887475	0.003883	0.003903
SingleMu	2.100000	2.500000	10.000000	15.000000	0.000000	0.000025	0.000051
SingleMu	2.100000	2.500000	15.000000	18.000000	0.000000	0.000027	0.000051
SingleMu	2.100000	2.500000	18.000000	20.000000	0.000000	0.000014	0.000096
SingleMu	2.100000	2.500000	20.000000	21.000000	0.000000	0.000000	0.000094
SingleMu	2.100000	2.500000	21.000000	22.000000	0.000000	0.000000	0.000126
SingleMu	2.100000	2.500000	22.000000	23.000000	0.000000	0.000000	0.000080
SingleMu	2.100000	2.500000	23.000000	24.000000	0.000000	0.000000	0.000064
SingleMu	2.100000	2.500000	24.000000	25.000000	0.000000	0.000000	0.000059
SingleMu	2.100000	2.500000	25.000000	26.000000	0.000052	0.000038	0.000083
SingleMu	2.100000	2.500000	26.000000	27.000000	0.000068	0.000038	0.000071
SingleMu	2.100000	2.500000	27.000000	28.000000	0.000000	0.000000	0.000040
SingleMu	2.100000	2.500000	28.000000	29.000000	0.000124	0.000062	0.000088
SingleMu	2.100000	2.500000	29.000000	30.000000	0.000073	0.000000	0.000120
SingleMu	2.100000	2.500000	30.000000	31.000000	0.000236	0.000075	0.000109
SingleMu	2.100000	2.500000	31.000000	32.000000	0.000000	0.000000	0.000033
SingleMu	2.100000	2.500000	32.000000	33.000000	0.000113	0.000035	0.000094
SingleMu	2.100000	2.500000	33.000000	35.000000	0.000013	0.000009	0.000023
SingleMu	2.100000	2.500000	35.000000	37.000000	0.000092	0.000028	0.000043
SingleMu	2.100000	2.500000	37.000000	39.000000	0.000073	0.000023	0.000038
SingleMu	2.100000	2.500000	39.000000	41.000000	0.000099	0.000027	0.000041
SingleMu	2.100000	2.500000	41.000000	43.000000	0.000080	0.000024	0.000039
SingleMu	2.100000	2.500000	43.000000	45.000000	0.000107	0.000028	0.000041
SingleMu	2.100000	2.500000	45.000000	47.000000	0.000080	0.000033	0.000050
SingleMu	2.100000	2.500000	47.000000	50.000000	0.000084	0.000036	0.000048
SingleMu	2.100000	2.500000	50.000000	55.000000	0.000063	0.000027	0.000054
SingleMu	2.100000	2.500000	55.000000	60.000000	0.000222	0.000071	0.000096
SingleMu	2.100000	2.500000	60.000000	65.000000	0.000141	0.000078	0.000144
SingleMu	2.100000	2.500000	65.000000	70.000000	0.000000	0.000000	0.000170
SingleMu	2.100000	2.500000	70.000000	90.000000	0.000060	0.000045	0.000120
SingleMu	2.100000	2.500000	90.000000	9999.000000	0.000196	0.000000	0.000352
DoubleMuLead	0.000000	1.500000	10.000000	11.000000	0.000858	0.000423	0.000728
DoubleMuLead	0.000000	1.500000	11.000000	12.000000	0.003214	0.000798	0.000998
DoubleMuLead	0.000000	1.500000	12.000000	13.000000	0.004956	0.000952	0.000978
DoubleMuLead	0.000000	1.500000	13.000000	14.000000	0.003215	0.000743	0.000986
DoubleMuLead	0.000000	1.500000	14.000000	15.000000	0.006139	0.000886	0.001070
DoubleMuLead	0.000000	1.500000	15.000000	16.000000	0.005729	0.000695	0.000910
DoubleMuLead	0.000000	1.500000	16.000000	17.000000	0.047533	0.001862	0.001909
DoubleMuLead	0.000000	1.500000	17.000000	18.000000	0.874312	0.008740	0.008934
DoubleMuLead	0.000000	1.500000	18.000000	19.000000	0.922328	0.007697	0.007855
DoubleMuLead	0.000000	1.500000	19.000000	20.000000	0.934096	0.006289	0.006371
DoubleMuLead	0.000000	1.500000	20.000000	21.000000	0.930015	0.005155	0.005060
DoubleMuLead	0.000000	1.500000	21.000000	22.000000	0.928375	0.004241	0.004272
DoubleMuLead	0.000000	1.500000	22.000000	23.000000	0.933852	0.003573	0.003588
DoubleMuLead	0.000000	1.500000	23.000000	24.000000	0.936484	0.002905	0.002904
DoubleMuLead	0.000000	1.500000	24.000000	25.000000	0.948790	0.001783	0.001777
DoubleMuLead	0.000000	1.500000	25.000000	26.000000	0.948572	0.001539	0.001532
DoubleMuLead	0.000000	1.500000	26.000000	27.000000	0.952528	0.001365	0.001360
DoubleMuLead	0.000000	1.500000	27.000000	28.000000	0.948397	0.001218	0.001213
DoubleMuLead	0.000000	1.500000	28.000000	29.000000	0.947404	0.001102	0.001097
DoubleMuLead	0.000000	1.500000	29.000000	30.000000	0.946194	0.000998	0.000994
DoubleMuLead	0.000000	1.500000	30.000000	31.000000	0.947084	0.000912	0.000907
DoubleMuLead	0.000000	1.500000	31.000000	32.000000	0.947625	0.000838	0.000834
DoubleMuLead	0.000000	1.500000	32.000000	33.000000	0.946749	0.000774	0.000770
DoubleMuLead	0.000000	1.500000	33.000000	35.000000	0.945525	0.000492	0.000490
DoubleMuLead	0.000000	1.500000	35.000000	37.000000	0.945443	0.000433	0.000431
DoubleMuLead	0.000000	1.500000	37.000000	39.000000	0.944370	0.000385	0.000384
DoubleMuLead	0.000000	1.500000	39.000000	41.000000	0.942899	0.000350	0.000348
DoubleMuLead	0.000000	1.500000	41.000000	43.000000	0.942398	0.000321	0.000320
DoubleMuLead	0.000000	1.500000	43.000000	45.000000	0.942692	0.000245	0.000312
DoubleMuLead	0.000000	1.500000	45.000000	47.000000	0.943194	0.000352	0.000351
DoubleMuLead	0.000000	1.500000	47.000000	50.000000	0.943021	0.000395	0.000393
DoubleMuLead	0.000000	1.500000	50.000000	55.000000	0.944218	0.000495	0.000492
DoubleMuLead	0.000000	1.500000	55.000000	60.000000	0.947850	0.000756	0.000751
DoubleMuLead	0.000000	1.500000	60.000000	65.000000	0.948173	0.001055	0.001046
DoubleMuLead	0.000000	1.500000	65.000000	70.000000	0.946637	0.001397	0.001386
DoubleMuLead	0.000000	1.500000	70.000000	90.000000	0.947513	0.001135	0.001140
DoubleMuLead	0.000000	1.500000	90.000000	9999.000000	0.964619	0.002072	0.002068
DoubleMuLead	1.500000	2.100000	10.000000	11.000000	0.001213	0.000344	0.000461
DoubleMuLead	1.500000	2.100000	11.000000	12.000000	0.002086	0.000479	0.000538
DoubleMuLead	1.500000	2.100000	12.000000	13.000000	0.002686	0.000582	0.000601
DoubleMuLead	1.500000	2.100000	13.000000	14.000000	0.003251	0.000696	0.000790
DoubleMuLead	1.500000	2.100000	14.000000	15.000000	0.005126	0.000723	0.000805
DoubleMuLead	1.500000	2.100000	15.000000	16.000000	0.008463	0.000748	0.000829
DoubleMuLead	1.500000	2.100000	16.000000	17.000000	0.152241	0.003487	0.003597
DoubleMuLead	1.500000	2.100000	17.000000	18.000000	0.855706	0.008050	0.008230
DoubleMuLead	1.500000	2.100000	18.000000	19.000000	0.868116	0.006905	0.007025
DoubleMuLead	1.500000	2.100000	19.000000	20.000000	0.882794	0.005842	0.005906
DoubleMuLead	1.500000	2.100000	20.000000	21.000000	0.889142	0.004963	0.005005
DoubleMuLead	1.500000	2.100000	21.000000	22.000000	0.880658	0.004211	0.004234
DoubleMuLead	1.500000	2.100000	22.000000	23.000000	0.893158	0.003595	0.003602
DoubleMuLead	1.500000	2.100000	23.000000	24.000000	0.897501	0.002912	0.002911
DoubleMuLead	1.500000	2.100000	24.000000	25.000000	0.918105	0.002110	0.002103
DoubleMuLead	1.500000	2.100000	25.000000	26.000000	0.916142	0.001922	0.001916
DoubleMuLead	1.500000	2.100000	26.000000	27.000000	0.909507	0.001756	0.001787
DoubleMuLead	1.500000	2.100000	27.000000	28.000000	0.905749	0.001685	0.001677
DoubleMuLead	1.500000	2.100000	28.000000	29.000000	0.906668	0.001576	0.001568
DoubleMuLead	1.500000	2.100000	29.000000	30.000000	0.903989	0.001498	0.001491
DoubleMuLead	1.500000	2.100000	30.000000	31.000000	0.903274	0.001412	0.001405
DoubleMuLead	1.500000	2.100000	31.000000	32.000000	0.902810	0.001354	0.001347
DoubleMuLead	1.500000	2.100000	32.000000	33.000000	0.901458	0.001297	0.001290
DoubleMuLead	1.500000	2.100000	33.000000	35.000000	0.898971	0.000856	0.000852
DoubleMuLead	1.500000	2.100000	35.000000	37.000000	0.895536	0.000774	0.000771
DoubleMuLead	1.500000	2.100000	37.000000	39.000000	0.896540	0.000691	0.000688
DoubleMuLead	1.500000	2.100000	39.000000	41.000000	0.895187	0.000609	0.000607
DoubleMuLead	1.500000	2.100000	41.000000	43.000000	0.896504	0.000542	0.000540
DoubleMuLead	1.500000	2.100000	43.000000	45.000000	0.898893	0.000521	0.000518
DoubleMuLead	1.500000	2.100000	45.000000	47.000000	0.901033	0.000571	0.000569
DoubleMuLead	1.500000	2.100000	47.000000	50.000000	0.899376	0.000632	0.000630
DoubleMuLead	1.500000	2.100000	50.000000	55.000000	0.903482	0.000801	0.000797
DoubleMuLead	1.500000	2.100000	55.000000	60.000000	0.908864	0.001244	0.001240
DoubleMuLead	1.500000	2.100000	60.000000	65.000000	0.908636	0.001750	0.001740
DoubleMuLead	1.500000	2.100000	65.000000	70.000000	0.903698	0.002333	0.002321
DoubleMuLead	1.500000	2.100000	70.000000	90.000000	0.908419	0.001909	0.001906
DoubleMuLead	1.500000	2.100000	90.000000	9999.000000	0.940434	0.003898	0.003913
DoubleMuLead	2.100000	2.500000	10.000000	11.000000	0.003356	0.001049	0.001604
DoubleMuLead	2.100000	2.500000	11.000000	12.000000	0.007766	0.001768	0.001964
DoubleMuLead	2.100000	2.500000	12.000000	13.000000	0.008691	0.001667	0.001904
DoubleMuLead	2.100000	2.500000	13.000000	14.000000	0.009120	0.001709	0.002083
DoubleMuLead	2.100000	2.500000	14.000000	15.000000	0.009441	0.001653	0.001935
DoubleMuLead	2.100000	2.500000	15.000000	16.000000	0.016966	0.002337	0.002930
DoubleMuLead	2.100000	2.500000	16.000000	17.000000	0.163857	0.005315	0.005631
DoubleMuLead	2.100000	2.500000	17.000000	18.000000	0.779197	0.014391	0.015039
DoubleMuLead	2.100000	2.500000	18.000000	19.000000	0.765232	0.011701	0.012089
DoubleMuLead	2.100000	2.500000	19.000000	20.000000	0.809151	0.011086	0.011411
DoubleMuLead	2.100000	2.500000	20.000000	21.000000	0.796701	0.009210	0.009393
DoubleMuLead	2.100000	2.500000	21.000000	22.000000	0.812932	0.007102	0.008160
DoubleMuLead	2.100000	2.500000	22.000000	23.000000	0.823694	0.007024	0.007196
DoubleMuLead	2.100000	2.500000	23.000000	24.000000	0.818796	0.004949	0.006344
DoubleMuLead	2.100000	2.500000	24.000000	25.000000	0.825040	0.005592	0.005612
DoubleMuLead	2.100000	2.500000	25.000000	26.000000	0.823608	0.004981	0.004985
DoubleMuLead	2.100000	2.500000	26.000000	27.000000	0.835498	0.004499	0.004494
DoubleMuLead	2.100000	2.500000	27.000000	28.000000	0.838345	0.004196	0.004176
DoubleMuLead	2.100000	2.500000	28.000000	29.000000	0.847822	0.003961	0.003951
DoubleMuLead	2.100000	2.500000	29.000000	30.000000	0.844235	0.003661	0.003648
DoubleMuLead	2.100000	2.500000	30.000000	31.000000	0.852976	0.003454	0.003436
DoubleMuLead	2.100000	2.500000	31.000000	32.000000	0.853457	0.003274	0.003259
DoubleMuLead	2.100000	2.500000	32.000000	33.000000	0.853646	0.003128	0.003109
DoubleMuLead	2.100000	2.500000	33.000000	35.000000	0.861045	0.002068	0.002058
DoubleMuLead	2.100000	2.500000	35.000000	37.000000	0.857550	0.001891	0.001942
DoubleMuLead	2.100000	2.500000	37.000000	39.000000	0.858196	0.001795	0.001790
DoubleMuLead	2.100000	2.500000	39.000000	41.000000	0.864947	0.001571	0.001566
DoubleMuLead	2.100000	2.500000	41.000000	43.000000	0.871217	0.001434	0.001426
DoubleMuLead	2.100000	2.500000	43.000000	45.000000	0.873076	0.001437	0.001428
DoubleMuLead	2.100000	2.500000	45.000000	47.000000	0.878905	0.001594	0.001584
DoubleMuLead	2.100000	2.500000	47.000000	50.000000	0.877997	0.001726	0.001717
DoubleMuLead	2.100000	2.500000	50.000000	55.000000	0.888068	0.002271	0.002283
DoubleMuLead	2.100000	2.500000	55.000000	60.000000	0.887873	0.003939	0.003938
DoubleMuLead	2.100000	2.500000	60.000000	65.000000	0.896235	0.005878	0.005898
DoubleMuLead	2.100000	2.500000	65.000000	70.000000	0.888036	0.008096	0.008193
DoubleMuLead	2.100000	2.500000	70.000000	90.000000	0.890106	0.007456	0.007575
DoubleMuLead	2.100000	2.500000	90.000000	9999.000000	0.964800	0.020772	0.018221
DoubleMuTrail	0.000000	1.500000	10.000000	11.000000	0.918318	0.048035	0.024841
DoubleMuTrail	0.000000	1.500000	11.000000	12.000000	0.908970	0.033344	0.033939
DoubleMuTrail	0.000000	1.500000	12.000000	13.000000	0.920125	0.029697	0.027876
DoubleMuTrail	0.000000	1.500000	13.000000	14.000000	0.935744	0.022536	0.020596
DoubleMuTrail	0.000000	1.500000	14.000000	15.000000	0.902217	0.016687	0.017551
DoubleMuTrail	0.000000	1.500000	15.000000	16.000000	0.899512	0.013498	0.014189
DoubleMuTrail	0.000000	1.500000	16.000000	17.000000	0.925021	0.011474	0.011889
DoubleMuTrail	0.000000	1.500000	17.000000	18.000000	0.906565	0.008903	0.009125
DoubleMuTrail	0.000000	1.500000	18.000000	19.000000	0.933089	0.007739	0.007882
DoubleMuTrail	0.000000	1.500000	19.000000	20.000000	0.942899	0.006309	0.006387
DoubleMuTrail	0.000000	1.500000	20.000000	21.000000	0.937723	0.005158	0.005063
DoubleMuTrail	0.000000	1.500000	21.000000	22.000000	0.935462	0.004242	0.004268
DoubleMuTrail	0.000000	1.500000	22.000000	23.000000	0.940329	0.003567	0.003583
DoubleMuTrail	0.000000	1.500000	23.000000	24.000000	0.941953	0.002896	0.002895
DoubleMuTrail	0.000000	1.500000	24.000000	25.000000	0.956577	0.001765	0.001757
DoubleMuTrail	0.000000	1.500000	25.000000	26.000000	0.956450	0.001518	0.001509
DoubleMuTrail	0.000000	1.500000	26.000000	27.000000	0.959714	0.001343	0.001338
DoubleMuTrail	0.000000	1.500000	27.000000	28.000000	0.956026	0.001195	0.001189
DoubleMuTrail	0.000000	1.500000	28.000000	29.000000	0.955278	0.001078	0.001073
DoubleMuTrail	0.000000	1.500000	29.000000	30.000000	0.953335	0.000975	0.000970
DoubleMuTrail	0.000000	1.500000	30.000000	31.000000	0.954220	0.000887	0.000882
DoubleMuTrail	0.000000	1.500000	31.000000	32.000000	0.954740	0.000814	0.000810
DoubleMuTrail	0.000000	1.500000	32.000000	33.000000	0.953787	0.000750	0.000746
DoubleMuTrail	0.000000	1.500000	33.000000	35.000000	0.952181	0.000477	0.000474
DoubleMuTrail	0.000000	1.500000	35.000000	37.000000	0.952059	0.000418	0.000416
DoubleMuTrail	0.000000	1.500000	37.000000	39.000000	0.950892	0.000371	0.000369
DoubleMuTrail	0.000000	1.500000	39.000000	41.000000	0.949285	0.000336	0.000335
DoubleMuTrail	0.000000	1.500000	41.000000	43.000000	0.948703	0.000308	0.000307
DoubleMuTrail	0.000000	1.500000	43.000000	45.000000	0.948498	0.000301	0.000300
DoubleMuTrail	0.000000	1.500000	45.000000	47.000000	0.948801	0.000265	0.000337
DoubleMuTrail	0.000000	1.500000	47.000000	50.000000	0.948600	0.000382	0.000380
DoubleMuTrail	0.000000	1.500000	50.000000	55.000000	0.949884	0.000480	0.000477
DoubleMuTrail	0.000000	1.500000	55.000000	60.000000	0.953249	0.000737	0.000733
DoubleMuTrail	0.000000	1.500000	60.000000	65.000000	0.953160	0.001034	0.001028
DoubleMuTrail	0.000000	1.500000	65.000000	70.000000	0.951678	0.002280	0.001367
DoubleMuTrail	0.000000	1.500000	70.000000	90.000000	0.952389	0.001125	0.001119
DoubleMuTrail	0.000000	1.500000	90.000000	9999.000000	0.968697	0.001673	0.002059
DoubleMuTrail	1.500000	2.100000	10.000000	11.000000	0.841946	0.016690	0.031490
DoubleMuTrail	1.500000	2.100000	11.000000	12.000000	0.941422	0.027482	0.017350
DoubleMuTrail	1.500000	2.100000	12.000000	13.000000	0.930049	0.021597	0.022498
DoubleMuTrail	1.500000	2.100000	13.000000	14.000000	0.932953	0.017778	0.018456
DoubleMuTrail	1.500000	2.100000	14.000000	15.000000	0.923269	0.014327	0.015040
DoubleMuTrail	1.500000	2.100000	15.000000	16.000000	0.946551	0.012475	0.012912
DoubleMuTrail	1.500000	2.100000	16.000000	17.000000	0.918174	0.009792	0.010072
DoubleMuTrail	1.500000	2.100000	17.000000	18.000000	0.912270	0.007371	0.008481
DoubleMuTrail	1.500000	2.100000	18.000000	19.000000	0.901872	0.006846	0.006958
DoubleMuTrail	1.500000	2.100000	19.000000	20.000000	0.911001	0.005870	0.005977
DoubleMuTrail	1.500000	2.100000	20.000000	21.000000	0.913433	0.004967	0.005010
DoubleMuTrail	1.500000	2.100000	21.000000	22.000000	0.905057	0.004202	0.004220
DoubleMuTrail	1.500000	2.100000	22.000000	23.000000	0.913611	0.003568	0.003573
DoubleMuTrail	1.500000	2.100000	23.000000	24.000000	0.915235	0.002876	0.002875
DoubleMuTrail	1.500000	2.100000	24.000000	25.000000	0.934014	0.002066	0.002058
DoubleMuTrail	1.500000	2.100000	25.000000	26.000000	0.930740	0.001877	0.001869
DoubleMuTrail	1.500000	2.100000	26.000000	27.000000	0.924353	0.001751	0.001706
DoubleMuTrail	1.500000	2.100000	27.000000	28.000000	0.919683	0.001641	0.001633
DoubleMuTrail	1.500000	2.100000	28.000000	29.000000	0.919884	0.001533	0.001525
DoubleMuTrail	1.500000	2.100000	29.000000	30.000000	0.917483	0.001455	0.001447
DoubleMuTrail	1.500000	2.100000	30.000000	31.000000	0.916372	0.001369	0.001361
DoubleMuTrail	1.500000	2.100000	31.000000	32.000000	0.916016	0.001311	0.001304
DoubleMuTrail	1.500000	2.100000	32.000000	33.000000	0.914094	0.001255	0.001248
DoubleMuTrail	1.500000	2.100000	33.000000	35.000000	0.911090	0.000828	0.000824
DoubleMuTrail	1.500000	2.100000	35.000000	37.000000	0.907953	0.000747	0.000744
DoubleMuTrail	1.500000	2.100000	37.000000	39.000000	0.908866	0.000665	0.000662
DoubleMuTrail	1.500000	2.100000	39.000000	41.000000	0.907491	0.000586	0.000583
DoubleMuTrail	1.500000	2.100000	41.000000	43.000000	0.909451	0.000518	0.000516
DoubleMuTrail	1.500000	2.100000	43.000000	45.000000	0.911538	0.000496	0.000432
DoubleMuTrail	1.500000	2.100000	45.000000	47.000000	0.913078	0.000544	0.000542
DoubleMuTrail	1.500000	2.100000	47.000000	50.000000	0.911809	0.000592	0.000589
DoubleMuTrail	1.500000	2.100000	50.000000	55.000000	0.915148	0.000771	0.000768
DoubleMuTrail	1.500000	2.100000	55.000000	60.000000	0.919376	0.001207	0.001200
DoubleMuTrail	1.500000	2.100000	60.000000	65.000000	0.919460	0.001708	0.001697
DoubleMuTrail	1.500000	2.100000	65.000000	70.000000	0.912850	0.002294	0.002279
DoubleMuTrail	1.500000	2.100000	70.000000	90.000000	0.917958	0.001881	0.001875
DoubleMuTrail	1.500000	2.100000	90.000000	9999.000000	0.948250	0.003885	0.003904
DoubleMuTrail	2.100000	2.500000	10.000000	11.000000	0.928724	0.040489	0.038336
DoubleMuTrail	2.100000	2.500000	11.000000	12.000000	0.870934	0.043872	0.040024
DoubleMuTrail	2.100000	2.500000	12.000000	13.000000	0.863163	0.027488	0.023363
DoubleMuTrail	2.100000	2.500000	13.000000	14.000000	0.894923	0.031001	0.029308
DoubleMuTrail	2.100000	2.500000	14.000000	15.000000	0.887362	0.025171	0.023258
DoubleMuTrail	2.100000	2.500000	15.000000	16.000000	0.868607	0.020326	0.019296
DoubleMuTrail	2.100000	2.500000	16.000000	17.000000	0.920739	0.018805	0.008502
DoubleMuTrail	2.100000	2.500000	17.000000	18.000000	0.927748	0.015755	0.016447
DoubleMuTrail	2.100000	2.500000	18.000000	19.000000	0.879346	0.012375	0.012803
DoubleMuTrail	2.100000	2.500000	19.000000	20.000000	0.914945	0.011547	0.011659
DoubleMuTrail	2.100000	2.500000	20.000000	21.000000	0.885647	0.009331	0.009518
DoubleMuTrail	2.100000	2.500000	21.000000	22.000000	0.895134	0.007315	0.008345
DoubleMuTrail	2.100000	2.500000	22.000000	23.000000	0.899524	0.006938	0.007009
DoubleMuTrail	2.100000	2.500000	23.000000	24.000000	0.889137	0.006167	0.005498
DoubleMuTrail	2.100000	2.500000	24.000000	25.000000	0.890277	0.005438	0.005449
DoubleMuTrail	2.100000	2.500000	25.000000	26.000000	0.892557	0.004775	0.003759
DoubleMuTrail	2.100000	2.500000	26.000000	27.000000	0.895357	0.004286	0.004276
DoubleMuTrail	2.100000	2.500000	27.000000	28.000000	0.899792	0.003943	0.003923
DoubleMuTrail	2.100000	2.500000	28.000000	29.000000	0.902797	0.003719	0.003692
DoubleMuTrail	2.100000	2.500000	29.000000	30.000000	0.898263	0.003407	0.003386
DoubleMuTrail	2.100000	2.500000	30.000000	31.000000	0.902866	0.003199	0.003177
DoubleMuTrail	2.100000	2.500000	31.000000	32.000000	0.904018	0.003017	0.002993
DoubleMuTrail	2.100000	2.500000	32.000000	33.000000	0.904115	0.002869	0.002845
DoubleMuTrail	2.100000	2.500000	33.000000	35.000000	0.907788	0.001848	0.001839
DoubleMuTrail	2.100000	2.500000	35.000000	37.000000	0.902494	0.001726	0.001714
DoubleMuTrail	2.100000	2.500000	37.000000	39.000000	0.900253	0.001608	0.001598
DoubleMuTrail	2.100000	2.500000	39.000000	41.000000	0.907258	0.001419	0.001410
DoubleMuTrail	2.100000	2.500000	41.000000	43.000000	0.910859	0.001292	0.001285
DoubleMuTrail	2.100000	2.500000	43.000000	45.000000	0.910966	0.001292	0.001283
DoubleMuTrail	2.100000	2.500000	45.000000	47.000000	0.914358	0.001436	0.001425
DoubleMuTrail	2.100000	2.500000	47.000000	50.000000	0.913675	0.001578	0.001568
DoubleMuTrail	2.100000	2.500000	50.000000	55.000000	0.918575	0.002847	0.002119
DoubleMuTrail	2.100000	2.500000	55.000000	60.000000	0.916724	0.003775	0.003772
DoubleMuTrail	2.100000	2.500000	60.000000	65.000000	0.922668	0.004405	0.005723
DoubleMuTrail	2.100000	2.500000	65.000000	70.000000	0.914133	0.007922	0.008021
DoubleMuTrail	2.100000	2.500000	70.000000	90.000000	0.910174	0.007120	0.007205
DoubleMuTrail	2.100000	2.500000	90.000000	9999.000000	0.980103	0.019266	0.000000
